    6      56711     1    12 1416324640 
    6     454931     2    34 1416324807 
    6     732991     3    76 1416324923 
    7    2706491     4   262 1416325744 
    6    2970502     5   236 1416325853 
    7    3748349     6    32 1416326177 
    6    4493869     7   194 1416326487 
    7    4762554     8   256 1416326598 
    6    4956963     9    25 1416326679 
    6    4963836    10    18 1416326682 
    6    5654605    11    43 1416326969 
    6    5768727    12   158 1416327017 
    7    7554221    13    50 1416327759 
    6    7749281    14    33 1416327840 
    7    8276879    15    38 1416328060 
    6    8396965    16    29 1416328110 
    6    8446516    17    33 1416328130 
    6    8771377    18     3 1416328265 
    7    8843778    19    61 1416328296 
    6    9639739    20    32 1416328627 
    6   10187642    21   112 1416328854 
    6   10640745    22    35 1416329043 
    7   10851672    23    86 1416329131 
    6   11220841    24   199 1416329284 
    6   11778717    25     4 1416329516 
    7   12118538    26   546 1416329657 
    6   12515422    27   123 1416329822 
    7   12658507    28   664 1416329882 
    6   12799214    29    26 1416329940 
    7   14296142    30   220 1416330563 
    6   14594211    31   281 1416330687 
    7   16032798    32    56 1416331285 
    6   17955605    33    72 1416332085 
    6   18070577    34   158 1416332133 
    6   18556719    35    26 1416332335 
    6   19860551    36   171 1416332877 
    6   19939413    37    18 1416332910 
    6   20616126    38   185 1416333191 
    6   21276680    39     8 1416333466 
    7   23797441    40   139 1416334514 
    6   23931406    41     8 1416334570 
    7   24194790    42    69 1416334680 
    6   24201707    43    35 1416334683 
    6   24634802    44    34 1416334863 
    6   25070285    45    22 1416335044 
    6   26840695    46    35 1416335780 
    6   26891269    47   189 1416335801 
    6   26971398    48   198 1416335834 
    6   28497703    49   109 1416336469 
    7   30203266    50   152 1416337179 
    6   30336810    51    83 1416337234 
    6   30716949    52    34 1416337392 
    6   31568634    53    51 1416337747 
    7   31589514    54   150 1416337755 
    6   31713219    55   141 1416337807 
    6   32873426    56    12 1416338290 
    7   33044602    57   115 1416338361 
    7   33215728    58    16 1416338432 
    6   34381059    59   355 1416338917 
    6   36001143    60   306 1416339591 
    6   37781288    61    32 1416340332 
    7   38065619    62    86 1416340450 
    6   38463554    63    99 1416340616 
    7   39372208    64    16 1416340994 
    6   39919703    65    78 1416341222 
    6   40726610    66    34 1416341558 
    6   41098059    67    49 1416341713 
    6   42260667    68    40 1416342197 
    7   42898994    69    16 1416342462 
    6   43921742    70   238 1416342888 
    6   44077322    71    46 1416342953 
    6   44914027    72    30 1416343301 
    6   45211208    73    24 1416343425 
    6   46453434    74   252 1416343941 
    6   47933812    75   282 1416344557 
    6   48185557    76    34 1416344662 
    6   48324795    77    35 1416344720 
    7   48762826    78   114 1416344902 
    7   49095657    79    58 1416345040 
    6   49161791    80    33 1416345068 
    6   51174861    81    14 1416345905 
    6   51516339    82   186 1416346047 
    6   51774425    83   102 1416346154 
    6   52622059    84    18 1416346507 
    6   53784011    85    88 1416346990 
    7   55325782    86   264 1416347631 
    6   55687448    87   144 1416347782 
    6   57051989    88    24 1416348349 
    6   57363772    89   203 1416348479 
    7   57746845    90    53 1416348638 
    6   58315775    91    46 1416348875 
    7   58935368    92    93 1416349133 
    6   58977002    93   277 1416349150 
    6   61051198    94   144 1416350012 
    6   61099889    95    22 1416350032 
    7   62373187    96    23 1416350562 
    6   63524592    97    34 1416351041 
    6   63537623    98   125 1416351046 
    7   63949622    99   141 1416351217 
    6   65230179   100     6 1416351750 
    6   65693870   101   479 1416351943 
    6   66178521   102    50 1416352144 
    6   67598476   103     5 1416352735 
    6   67676089   104   115 1416352767 
    7   68067672   105     5 1416352930 
    7   68075513   106   689 1416352933 
    7   68200935   107    89 1416352985 
    7   68353896   108    22 1416353049 
    6   68969768   109    26 1416353305 
    6   70525795   110   534 1416353952 
    6   71729091   111   252 1416354453 
    6   73215128   112   130 1416355071 
    6   73312626   113   427 1416355111 
    6   74003059   114   153 1416355398 
    6   74845754   115   127 1416355749 
    6   75112173   116   135 1416355860 
    7   75154961   117     8 1416355878 
    6   75261171   118     2 1416355922 
    6   76153171   119    51 1416356293 
    6   76355510   120    25 1416356377 
    6   77181426   121     3 1416356720 
    6   78099176   122   118 1416357102 
    6   80205387   123    35 1416357978 
    6   80356222   124    36 1416358041 
    6   80576976   125    12 1416358132 
    6   81984346   126   279 1416358718 
    6   82667046   127    21 1416359002 
    6   83167178   128   130 1416359210 
    6   83346520   129   182 1416359284 
    6   85662375   130    18 1416360247 
    6   85975307   131    34 1416360377 
    6   86044411   132    23 1416360406 
    6   86759681   133    32 1416360704 
    6   88413402   134    17 1416361391 
    7   88979561   135    16 1416361627 
    6   89913327   136   316 1416362015 
    6   90836165   137    37 1416362399 
    6   91801074   138    35 1416362800 
    7   93074858   139   201 1416363330 
    7   93216359   140   582 1416363389 
    6   96229353   141    49 1416364641 
    7   96569803   142    33 1416364783 
    6   97020382   143    19 1416364970 
    6   97193585   144    35 1416365042 
    6   97389881   145    54 1416365124 
    6   97813089   146    92 1416365299 
    6   97826128   147     4 1416365305 
    6   98182414   148    66 1416365453 
    7   98979460   149     4 1416365784 
    7   99475891   150   189 1416365991 
    6  100800313   151    15 1416366541 
    7  101396758   152   485 1416366789 
    6  101471341   153   132 1416366820 
    6  102029414   154   141 1416367052 
    6  102469420   155     4 1416367235 
    6  102511545   156    31 1416367253 
    6  104299487   157   123 1416367996 
    6  104368248   158    36 1416368025 
    7  104644097   159    42 1416368140 
    6  104717848   160   162 1416368170 
    7  104834990   161    80 1416368219 
    6  106338754   162    48 1416368844 
    6  107185723   163    33 1416369196 
    6  107444860   164    32 1416369304 
    7  107481928   165   765 1416369320 
    6  109030564   166   106 1416369964 
    7  110737388   167   101 1416370673 
    6  111692573   168   103 1416371070 
    6  112073279   169    63 1416371229 
    6  112493012   170    46 1416371403 
    6  112813696   171   270 1416371536 
    6  114323273   172   175 1416372164 
    6  115541486   173   117 1416372671 
    6  117001296   174     9 1416373278 
    6  117288680   175   125 1416373397 
    7  117701398   176   217 1416373569 
    6  117885088   177    87 1416373645 
    6  118023840   178    26 1416373703 
    6  119141914   179    73 1416374168 
    6  120726606   180    41 1416374827 
    7  121396828   181     8 1416375105 
    7  121701033   182   897 1416375232 
    7  121801343   183    55 1416375273 
    7  122400661   184    20 1416375523 
    7  122954022   185    11 1416375753 
    6  123779494   186   181 1416376096 
    7  123960373   187    58 1416376171 
    6  124624907   188   307 1416376447 
    6  126357456   189    20 1416377168 
    6  126934367   190    48 1416377408 
    6  127039407   191    96 1416377451 
    6  127844672   192    13 1416377786 
    7  127987343   193    91 1416377846 
    6  128433936   194    15 1416378031 
    6  129027860   195   106 1416378278 
    6  129519635   196   517 1416378483 
    6  129591536   197    62 1416378512 
    6  131157378   198    65 1416379163 
    6  131283307   199   111 1416379216 
    6  131352690   200    29 1416379245 
    6  131990087   201   641 1416379510 
    7  132286319   202    14 1416379633 
    7  132770295   203   102 1416379834 
    6  132818421   204   478 1416379854 
    6  134395271   205    42 1416380510 
    6  134650701   206     6 1416380616 
    6  135248962   207    37 1416380865 
    6  136125956   208   932 1416381229 
    6  137324158   209    64 1416381727 
    7  137385278   210   486 1416381753 
    7  137940443   211   183 1416381984 
    6  139000758   212   177 1416382424 
    6  139306684   213    34 1416382552 
    6  139531564   214   161 1416382645 
    6  139940697   215   200 1416382815 
    6  140692591   216   100 1416383128 
    6  141031643   217   115 1416383269 
    7  141951139   218     5 1416383651 
    7  142300796   219    66 1416383796 
    6  144131590   220    67 1416384558 
    6  144186888   221   245 1416384581 
    6  144986732   222    79 1416384913 
    6  147951227   223   100 1416386146 
    6  148183325   224    19 1416386242 
    7  148602238   225   278 1416386416 
    7  149438242   226    69 1416386764 
    6  149716570   227    58 1416386879 
    6  152553208   228    34 1416388059 
    7  152737961   229   346 1416388135 
    7  155080605   230   220 1416389109 
    7  155313963   231   100 1416389207 
    6  155622139   232   237 1416389335 
    6  155973373   233    47 1416389481 
    7  157807897   234    53 1416390243 
    6  157896169   235   281 1416390280 
    7  158815969   236     9 1416390662 
    6  158964173   237    21 1416390724 
    6  161394856   238    35 1416391734 
    6  162322880   239    14 1416392120 
    6  162420247   240    51 1416392161 
    6  162662827   241   177 1416392262 
    6  162797226   242    10 1416392317 
    7  163046263   243    32 1416392421 
    6  163647058   244    17 1416392671 
    6  164724955   245    31 1416393119 
    6  165457233   246   319 1416393424 
    7  165536479   247   142 1416393456 
    6  167788070   248    35 1416394392 
    7  168529155   249    28 1416394700 
    6  169968677   250    88 1416395299 
    6  170600836   251    14 1416395562 
    7  170952149   252   220 1416395708 
    7  171000679   253   273 1416395728 
    6  172743758   254    20 1416396452 
    7  172894809   255   154 1416396515 
    7  173395203   256     9 1416396723 
    6  173597875   257     6 1416396807 
    7  174132065   258    25 1416397030 
    6  175636190   259    35 1416397655 
    6  177711111   260    35 1416398517 
    6  178439221   261   208 1416398820 
    7  178694350   262    17 1416398926 
    7  179639565   263     2 1416399319 
    6  180444551   264   102 1416399653 
    7  181102774   265    79 1416399927 
    7  181728555   266   727 1416400187 
    6  183276111   267    16 1416400831 
    7  183448319   268   170 1416400902 
    6  186420106   269    35 1416402138 
    7  190017956   270    91 1416403633 
    6  190685927   271   104 1416403911 
    7  192422589   272   534 1416404633 
    6  192668294   273   210 1416404735 
    7  193412356   274    32 1416405044 
    7  194321101   275   107 1416405422 
    6  194444485   276   232 1416405473 
    6  194573262   277    19 1416405527 
    7  195019587   278   155 1416405712 
    6  197104884   279   227 1416406579 
    7  199126756   280    16 1416407419 
    6  199436908   281   100 1416407548 
    6  200008825   282   217 1416407786 
    6  200343601   283   115 1416407925 
    7  200617533   284    66 1416408039 
    7  200744207   285    77 1416408092 
    6  201970346   286    15 1416408601 
    6  202103742   287    32 1416408657 
    6  202117269   288    89 1416408662 
    7  202460828   289    40 1416408805 
    6  202709243   290   370 1416408909 
    6  203004091   291     9 1416409031 
    6  203134432   292    45 1416409085 
    7  203826231   293    36 1416409373 
    6  207321625   294    28 1416410826 
    6  208001917   295   191 1416411109 
    7  208455048   296     7 1416411297 
    6  208465236   297   134 1416411301 
    7  208530094   298    85 1416411328 
    6  208645370   299   190 1416411376 
    7  208788013   300    64 1416411436 
    6  209666222   301    42 1416411801 
    6  209792935   302   266 1416411854 
    6  210159655   303    35 1416412006 
    6  210209743   304    42 1416412027 
    6  211740653   305   115 1416412664 
    7  211764236   306   180 1416412674 
    6  212001800   307    71 1416412772 
    6  212766933   308   596 1416413091 
    6  215839878   309    88 1416414368 
    6  216044655   310    98 1416414454 
    6  216441361   311    32 1416414619 
    7  216446819   312   168 1416414621 
    6  216782046   313    13 1416414760 
    6  217888353   314    17 1416415220 
    6  217912281   315    21 1416415230 
    6  218167633   316    91 1416415337 
    6  218463829   317    97 1416415460 
    7  220400078   318     2 1416416264 
    6  220445623   319    34 1416416283 
    6  220795051   320    34 1416416429 
    7  221223937   321    80 1416416607 
    6  223593688   322    24 1416417593 
    6  224358362   323   102 1416417911 
    6  224590199   324     3 1416418007 
    6  226444113   325    42 1416418779 
    6  226872604   326   136 1416418957 
    7  227352385   327   298 1416419157 
    6  227799648   328    91 1416419343 
    7  229052029   329   134 1416419864 
    6  229159937   330    31 1416419909 
    7  229474661   331    29 1416420040 
    6  230364167   332     8 1416420410 
    6  230434534   333    20 1416420439 
    7  230661348   334    82 1416420533 
    6  231306533   335     5 1416420802 
    6  232654825   336    60 1416421363 
    7  232755071   337    66 1416421405 
    6  233035064   338    89 1416421521 
    6  233908794   339    10 1416421885 
    7  235676011   340   128 1416422620 
    7  236146732   341    61 1416422816 
    6  237575778   342    83 1416423411 
    7  238224750   343    77 1416423681 
    6  239687382   344   128 1416424290 
    7  239905878   345   313 1416424381 
    6  242419386   346    13 1416425427 
    6  242939565   347    15 1416425643 
    6  243005280   348   266 1416425671 
    6  243100874   349   184 1416425710 
    6  243118678   350    31 1416425718 
    6  244520270   351    35 1416426301 
    6  245070376   352    33 1416426530 
    6  245147125   353    10 1416426562 
    7  246799326   354   235 1416427250 
    7  246860642   355   157 1416427276 
    6  247373296   356   116 1416427489 
    6  247558199   357   123 1416427566 
    6  248126669   358   154 1416427803 
    6  248433384   359    77 1416427930 
    7  248696543   360    35 1416428040 
    6  248751285   361   106 1416428063 
    7  249062465   362   309 1416428192 
    7  251629406   363   591 1416429261 
    6  252966230   364    34 1416429817 
    6  253402158   365   234 1416429999 
    7  253893705   366    48 1416430204 
    6  255550051   367   150 1416430893 
    6  255917623   368    51 1416431046 
    7  257240664   369    85 1416431597 
    6  257439060   370    31 1416431680 
    6  258570019   371    57 1416432151 
    7  258685510   372    53 1416432199 
    6  258835982   373    22 1416432262 
    6  258881504   374    25 1416432281 
    7  259585532   375    14 1416432574 
    6  259908016   376    46 1416432708 
    6  259909635   377   241 1416432709 
    7  260291955   378   308 1416432868 
    6  260375027   379   141 1416432903 
    6  261539808   380    69 1416433388 
    7  261652877   381    28 1416433435 
    7  261761257   382    66 1416433480 
    6  262151412   383   131 1416433643 
    7  262389940   384    52 1416433742 
    7  262895148   385    73 1416433953 
    6  263225475   386    56 1416434090 
    7  264511403   387    93 1416434626 
    6  265081545   388   150 1416434863 
    6  265457244   389    39 1416435020 
    6  265604008   390    76 1416435081 
    6  265817065   391   179 1416435170 
    6  265924198   392   136 1416435214 
    6  268933523   393   118 1416436468 
    6  269812274   394   275 1416436834 
    6  270039989   395    90 1416436928 
    6  270225373   396    23 1416437006 
    6  270816173   397   119 1416437252 
    6  271032542   398    40 1416437342 
    7  271680110   399    72 1416437611 
    7  273524196   400     4 1416438379 
    6  274095465   401    10 1416438617 
    6  275190936   402     5 1416439073 
    6  275220662   403    13 1416439085 
    7  275541384   404    75 1416439219 
    7  275870590   405   624 1416439356 
    6  276403954   406    39 1416439578 
    6  276439646   407    66 1416439593 
    6  276920650   408    34 1416439793 
    6  277105932   409     5 1416439870 
    7  277524456   410   352 1416440045 
    7  277876729   411   107 1416440191 
    7  278089350   412   330 1416440280 
    6  278426345   413    30 1416440420 
    6  280334911   414    42 1416441215 
    7  280342117   415    36 1416441218 
    7  280461791   416   150 1416441267 
    7  281049035   417    91 1416441512 
    6  281378645   418   116 1416441649 
    6  282609542   419   422 1416442162 
    6  284267159   420   162 1416442852 
    7  284652627   421   216 1416443012 
    6  285061965   422   183 1416443183 
    6  285477402   423    13 1416443356 
    6  285900272   424    86 1416443532 
    6  286256112   425    23 1416443680 
    6  286664997   426   222 1416443850 
    7  287685944   427   187 1416444275 
    7  287704124   428   320 1416444282 
    7  288291035   429   295 1416444527 
    7  288694406   430   141 1416444695 
    6  288704627   431    14 1416444699 
    6  288714912   432    89 1416444703 
    6  289742363   433   148 1416445131 
    6  291436000   434    73 1416445836 
    7  293816184   435    45 1416446827 
    6  293970865   436     5 1416446891 
    6  294458351   437   205 1416447094 
    7  296983116   438     8 1416448145 
    6  297692690   439   162 1416448440 
    6  297844496   440    65 1416448504 
    6  299498167   441   140 1416449192 
    6  299619805   442    34 1416449242 
    7  300447316   443   279 1416449587 
    6  300839116   444    17 1416449750 
    6  300858402   445   115 1416449758 
    7  301510608   446   145 1416450029 
    7  301681538   447   147 1416450100 
    7  301812998   448   151 1416450155 
    6  303029260   449    31 1416450661 
    6  303763042   450    34 1416450967 
    6  303949392   451    93 1416451044 
    6  305002864   452    81 1416451483 
    7  306179775   453    59 1416451973 
    6  306278502   454   350 1416452014 
    7  306507069   455   120 1416452109 
    6  307766307   456     4 1416452633 
    7  308630255   457    15 1416452992 
    7  308672078   458   412 1416453010 
    6  308749501   459   106 1416453042 
    7  308772517   460    29 1416453052 
    6  308855537   461   148 1416453086 
    6  309494719   462   155 1416453352 
    6  310174165   463    22 1416453635 
    6  311694596   464    91 1416454268 
    6  311797362   465    24 1416454311 
    7  312046699   466    72 1416454414 
    7  314260180   467    38 1416455336 
    6  314598450   468     2 1416455477 
    7  315017131   469     2 1416455651 
    6  315236372   470    28 1416455742 
    6  316533042   471    13 1416456282 
    6  316661501   472   231 1416456335 
    6  318074087   473    21 1416456923 
    6  318253409   474   292 1416456998 
    7  320372988   475   101 1416457880 
    7  322438592   476    48 1416458739 
    7  323168811   477   187 1416459043 
    6  323663738   478    90 1416459249 
    7  323858599   479    16 1416459330 
    6  324850369   480    35 1416459743 
    6  325615883   481   760 1416460062 
    6  325676586   482   156 1416460087 
    7  325685779   483   136 1416460091 
    6  326241294   484   137 1416460322 
    6  326293216   485    73 1416460343 
    6  327168997   486    40 1416460708 
    6  328423967   487     8 1416461230 
    7  328540353   488    25 1416461279 
    6  328642167   489    35 1416461321 
    6  329094619   490   133 1416461510 
    6  329652824   491    53 1416461742 
    6  331820848   492    34 1416462644 
    7  334958970   493    10 1416463950 
    6  335927722   494    24 1416464354 
    7  336372944   495     2 1416464539 
    6  337459625   496   113 1416464991 
    6  337479863   497   106 1416464999 
    6  337493779   498    14 1416465005 
    7  338159014   499   141 1416465282 
    6  340893569   500    15 1416466420 
    7  342074266   501    78 1416466912 
    6  342592791   502    95 1416467127 
    7  343138714   503     3 1416467355 
    7  344145574   504   148 1416467774 
    7  344313847   505    88 1416467844 
    6  345855558   506    49 1416468485 
    6  346773837   507   248 1416468868 
    6  346830439   508    11 1416468891 
    6  346888764   509   122 1416468915 
    6  347073775   510    50 1416468992 
    6  347285735   511   339 1416469081 
    6  349069485   512   165 1416469823 
    6  349150028   513    25 1416469857 
    6  351280215   514    10 1416470743 
    6  351630399   515   417 1416470889 
    6  352114515   516   901 1416471091 
    6  352457434   517    56 1416471233 
    6  353404167   518    53 1416471627 
    6  353623757   519    30 1416471719 
    6  354172119   520    85 1416471947 
    6  354956548   521    34 1416472274 
    7  357059551   522    64 1416473149 
    7  357683594   523     4 1416473408 
    6  358365087   524    47 1416473692 
    6  358868104   525     2 1416473901 
    6  359705106   526   321 1416474250 
    7  361434571   527    16 1416474969 
    7  361835702   528    44 1416475136 
    6  362684134   529   147 1416475490 
    6  363489235   530   277 1416475825 
    6  363976219   531    68 1416476027 
    6  364513534   532    27 1416476251 
    7  365772687   533   755 1416476775 
    6  365918991   534    44 1416476836 
    6  366273678   535     3 1416476983 
    6  367621150   536   144 1416477544 
    6  368001939   537   114 1416477703 
    6  368516987   538    15 1416477917 
    7  371898615   539    57 1416479324 
    6  373056353   540   572 1416479806 
    6  373657497   541   866 1416480056 
    6  374158976   542    87 1416480265 
    6  374454964   543   428 1416480388 
    6  374968567   544    35 1416480602 
    7  375076543   545    47 1416480646 
    7  375221953   546    58 1416480707 
    7  375468060   547    54 1416480809 
    6  376500403   548    35 1416481239 
    6  376862325   549     5 1416481390 
    6  376907320   550    28 1416481409 
    6  378621039   551    73 1416482122 
    7  380960255   552    67 1416483095 
    6  381862142   553   164 1416483470 
    6  382098067   554   636 1416483568 
    6  382460698   555   103 1416483719 
    6  383642142   556    51 1416484211 
    7  383664085   557   119 1416484220 
    6  385464987   558   102 1416484970 
    7  385776464   559    59 1416485099 
    7  386096903   560   136 1416485233 
    6  386233440   561    83 1416485289 
    6  386753264   562    61 1416485506 
    7  386756562   563   132 1416485507 
    6  386820444   564    33 1416485534 
    6  387957372   565   124 1416486007 
    7  388358049   566     6 1416486174 
    6  390273536   567    67 1416486974 
    6  390318537   568   411 1416486992 
    7  390494780   569    88 1416487066 
    6  391103899   570   128 1416487319 
    6  391799694   571   136 1416487609 
    6  392106637   572    54 1416487737 
    7  392386642   573    39 1416487853 
    7  393027757   574    87 1416488120 
    6  394388956   575    91 1416488687 
    6  394430897   576    55 1416488704 
    6  394941537   577    75 1416488917 
    7  394963277   578   358 1416488926 
    6  395422533   579   105 1416489117 
    6  395527314   580   479 1416489161 
    7  395834353   581    93 1416489288 
    6  396801313   582    35 1416489691 
    6  398193155   583   223 1416490270 
    6  398913275   584   192 1416490570 
    6  399883012   585    90 1416490974 
    6  400846329   586   135 1416491375 
    6  402037305   587    35 1416491871 
    6  402207812   588    33 1416491942 
    7  403263992   589   254 1416492381 
    6  403339215   590   170 1416492413 
    7  403684452   591    79 1416492556 
    6  404017263   592   115 1416492695 
    7  404624046   593     3 1416492947 
    7  404957219   594    79 1416493086 
    6  405119952   595    23 1416493154 
    7  405125595   596   156 1416493156 
    7  405615426   597     2 1416493360 
    6  405630356   598    31 1416493366 
    6  406672689   599    34 1416493800 
    7  407156277   600   420 1416494002 
    6  407692231   601    59 1416494225 
    6  407960274   602  1088 1416494336 
    6  408629721   603    40 1416494615 
    6  410232836   604    49 1416495283 
    7  410414085   605   281 1416495358 
    7  410539737   606    64 1416495411 
    6  411192600   607    33 1416495683 
    6  413823392   608   316 1416496778 
    7  413893788   609    11 1416496807 
    6  414786816   610   100 1416497179 
    6  415148353   611   257 1416497329 
    6  415697933   612    34 1416497558 
    6  416158520   613   359 1416497750 
    6  416535545   614    57 1416497907 
    6  416547334   615    32 1416497912 
    6  416752020   616   285 1416497997 
    7  417625203   617    44 1416498360 
    7  417954278   618   913 1416498497 
    7  418204973   619   288 1416498602 
    6  418810958   620   151 1416498854 
    6  418843804   621   224 1416498868 
    7  419220112   622    23 1416499025 
    6  419382126   623    41 1416499092 
    6  419699854   624    65 1416499224 
    7  419893710   625   386 1416499305 
    6  420969314   626   295 1416499753 
    6  422373723   627   225 1416500337 
    6  422704019   628    13 1416500475 
    6  423199803   629   154 1416500681 
    6  423985069   630     9 1416501008 
    6  424938511   631   118 1416501405 
    6  425607195   632   138 1416501683 
    7  426283073   633    81 1416501965 
    7  426856669   634    95 1416502203 
    6  427240114   635   240 1416502363 
    6  427348664   636    35 1416502408 
    7  427525934   637   120 1416502482 
    6  427803822   638    96 1416502598 
    6  429226033   639   117 1416503189 
    6  429306335   640    33 1416503223 
    7  430467071   641    98 1416503706 
    7  431670323   642   686 1416504206 
    7  432350469   643   229 1416504489 
    6  432624406   644    36 1416504603 
    7  433067565   645   227 1416504788 
    7  433103194   646    98 1416504802 
    6  433235610   647   102 1416504857 
    6  433610206   648    33 1416505013 
    6  434616535   649   102 1416505432 
    6  434935299   650    99 1416505564 
    6  435162622   651    34 1416505659 
    6  435863449   652    62 1416505951 
    6  436280206   653    35 1416506124 
    6  438728279   654    48 1416507143 
    6  438846155   655   156 1416507192 
    7  439362595   656    73 1416507407 
    6  439956071   657    11 1416507654 
    6  443089032   658    32 1416508957 
    6  443258142   659    68 1416509028 
    6  444608187   660    12 1416509590 
    6  446538681   661    65 1416510393 
    7  446559567   662   206 1416510402 
    6  447870403   663    34 1416510947 
    6  448668534   664    26 1416511279 
    6  449542690   665    70 1416511643 
    6  450068275   666    32 1416511862 
    6  451078389   667    40 1416512282 
    6  451149332   668    49 1416512312 
    6  451259766   669    31 1416512357 
    6  452095728   670    81 1416512705 
    6  452398914   671   139 1416512831 
    6  452585123   672   170 1416512909 
    7  453302579   673    89 1416513207 
    6  454996757   674    32 1416513912 
    6  455460022   675    66 1416514105 
    6  456009273   676    49 1416514333 
    6  456341726   677    77 1416514472 
    7  457883755   678    23 1416515113 
    6  457926884   679   184 1416515131 
    6  458037657   680    75 1416515177 
    6  458062157   681   357 1416515188 
    6  458123518   682   197 1416515213 
    6  458507348   683    54 1416515373 
    6  459462076   684    70 1416515770 
    6  459598160   685    29 1416515827 
    7  459614564   686   125 1416515834 
    6  459639409   687    40 1416515844 
    6  459855722   688    10 1416515934 
    6  462682097   689    35 1416517110 
    7  463125251   690    26 1416517295 
    6  463232095   691   141 1416517339 
    7  463598676   692    92 1416517492 
    6  464130487   693    23 1416517713 
    7  464404695   694   961 1416517827 
    6  464753787   695   127 1416517972 
    7  465146179   696   188 1416518136 
    6  465446353   697   109 1416518260 
    6  466567533   698   357 1416518727 
    7  468010622   699    54 1416519328 
    6  469140079   700   185 1416519797 
    6  469762855   701   136 1416520057 
    6  469885273   702     2 1416520108 
    6  470186771   703    91 1416520233 
    6  470324923   704   163 1416520291 
    6  471652675   705    34 1416520843 
    6  471851083   706    85 1416520926 
    6  472524999   707    31 1416521206 
    7  472605227   708    61 1416521239 
    6  472792483   709    35 1416521317 
    6  473681717   710    68 1416521687 
    6  473946381   711    97 1416521797 
    7  474054922   712    40 1416521842 
    6  474792630   713   103 1416522149 
    7  476597488   714   100 1416522899 
    7  476621222   715   185 1416522909 
    7  477459752   716   135 1416523258 
    6  478680420   717   198 1416523766 
    6  478734124   718    34 1416523788 
    6  479296024   719    85 1416524022 
    6  479426539   720   311 1416524076 
    6  479958962   721    39 1416524297 
    6  481487636   722   455 1416524933 
    6  482099913   723    14 1416525188 
    7  482393275   724    74 1416525310 
    6  482590260   725    24 1416525392 
    6  483160978   726    17 1416525629 
    6  483218045   727    31 1416525653 
    6  484163426   728   265 1416526046 
    6  485208447   729    91 1416526481 
    6  485590809   730    48 1416526640 
    7  485778725   731   272 1416526718 
    6  486860573   732    35 1416527168 
    7  486930271   733    13 1416527197 
    6  487486377   734   106 1416527428 
    6  488453531   735   119 1416527830 
    7  491934152   736    72 1416529279 
    6  491991166   737    95 1416529302 
    7  492501495   738    72 1416529515 
    6  492971124   739    66 1416529710 
    6  494272133   740   153 1416530251 
    6  494463894   741    26 1416530331 
    6  494627632   742   203 1416530399 
    6  495557519   743   126 1416530786 
    6  496355971   744    41 1416531119 
    6  496788068   745    21 1416531298 
    6  496835539   746    30 1416531318 
    6  497482999   747    34 1416531588 
    6  497868365   748    85 1416531748 
    6  497935927   749    27 1416531776 
    6  498033672   750   144 1416531817 
    6  498512625   751     5 1416532016 
    6  499565306   752    65 1416532454 
    6  499584415   753    37 1416532462 
    6  499946745   754   103 1416532613 
    6  500843907   755    63 1416532986 
    6  501607471   756    35 1416533304 
    6  501618917   757    11 1416533308 
    7  502298844   758   181 1416533591 
    7  502611694   759   103 1416533722 
    6  502755062   760     5 1416533781 
    7  502763726   761    34 1416533785 
    7  503423212   762   285 1416534059 
    6  504572763   763    73 1416534537 
    6  504782094   764   131 1416534624 
    6  506476221   765   166 1416535329 
    6  507873580   766     4 1416535910 
    6  508353095   767   123 1416536110 
    6  508679349   768    44 1416536245 
    6  508911157   769    21 1416536342 
    6  510370599   770   280 1416536949 
    6  511615396   771   223 1416537467 
    6  511620808   772    32 1416537469 
    6  511924128   773    36 1416537595 
    6  512483802   774    29 1416537828 
    7  513374370   775   361 1416538198 
    7  513552685   776   119 1416538273 
    6  513835719   777    35 1416538390 
    7  515709075   778    83 1416539169 
    6  515759864   779    55 1416539191 
    6  515800158   780   173 1416539207 
    6  516431775   781   101 1416539470 
    6  516814064   782   341 1416539629 
    6  516859530   783   288 1416539648 
    6  517262871   784   125 1416539816 
    7  518503069   785   626 1416540332 
    6  519217969   786    34 1416540629 
    6  519340591   787   141 1416540680 
    6  519410290   788    35 1416540709 
    7  521508099   789   918 1416541582 
    6  521814537   790   392 1416541709 
    6  521868981   791    34 1416541732 
    6  522151053   792   104 1416541849 
    6  523202893   793   288 1416542286 
    6  523754427   794    23 1416542516 
    7  524685804   795    24 1416542903 
    6  524946597   796    91 1416543012 
    6  525557061   797   120 1416543265 
    6  526520857   798    10 1416543666 
    7  526869542   799    90 1416543811 
    6  527056475   800   514 1416543889 
    6  527858260   801    41 1416544223 
    7  528036622   802   105 1416544297 
    7  528576891   803   991 1416544522 
    6  529404653   804   408 1416544866 
    6  529632360   805     3 1416544961 
    7  529716583   806   398 1416544996 
    6  529912655   807   350 1416545077 
    6  530000231   808    81 1416545114 
    7  530934409   809    63 1416545502 
    6  531424665   810    34 1416545706 
    7  531584713   811   407 1416545773 
    6  531847000   812    46 1416545882 
    6  533313155   813    36 1416546492 
    6  533401973   814    35 1416546529 
    6  533905552   815   206 1416546738 
    7  533961327   816     4 1416546761 
    7  534320629   817   316 1416546911 
    6  534455659   818   106 1416546967 
    6  534722737   819   646 1416547078 
    6  535444559   820   179 1416547378 
    6  536076908   821    51 1416547641 
    7  536093518   822   344 1416547648 
    7  536343082   823    33 1416547752 
    7  536523675   824    92 1416547827 
    6  536575846   825   197 1416547849 
    6  536635920   826    31 1416547874 
    7  537011681   827    36 1416548030 
    7  538970105   828    67 1416548844 
    6  540528285   829   397 1416549493 
    6  540882301   830    67 1416549640 
    6  541071432   831     7 1416549718 
    6  541128959   832    54 1416549742 
    6  541208539   833     4 1416549775 
    6  542732879   834    13 1416550409 
    6  542959684   835     3 1416550503 
    6  543028717   836    10 1416550532 
    6  543687886   837    24 1416550806 
    6  543689372   838    25 1416550807 
    6  543929745   839    40 1416550907 
    6  544030030   840    61 1416550949 
    7  545179701   841   127 1416551427 
    6  546121233   842    66 1416551818 
    6  546755522   843   235 1416552082 
    6  547392468   844   154 1416552347 
    6  547989109   845     9 1416552595 
    6  548042348   846   267 1416552617 
    6  548865158   847   260 1416552960 
    6  549522933   848    35 1416553233 
    6  550915424   849    33 1416553812 
    6  551878123   850     4 1416554213 
    7  552423817   851    36 1416554439 
    6  553661158   852    10 1416554954 
    6  553915224   853    44 1416555059 
    6  554462055   854     7 1416555287 
    6  554891508   855    34 1416555466 
    6  555095418   856    69 1416555550 
    6  556209424   857   497 1416556014 
    6  556669967   858   221 1416556205 
    7  556694864   859    80 1416556216 
    7  557193530   860   379 1416556423 
    6  558121413   861    88 1416556809 
    6  558266447   862    71 1416556869 
    6  558625592   863    36 1416557019 
    6  558821228   864    40 1416557100 
    6  559307570   865     8 1416557302 
    6  561742206   866    55 1416558315 
    6  561771520   867    65 1416558327 
    6  562093807   868   250 1416558461 
    6  566482586   869   132 1416560286 
    7  566552114   870    58 1416560315 
    6  567225875   871   210 1416560595 
    6  567238964   872   267 1416560601 
    7  567867725   873   562 1416560862 
    6  568522530   874    70 1416561135 
    6  568560010   875    15 1416561150 
    6  569482930   876    32 1416561534 
    6  570372221   877    34 1416561904 
    7  570480872   878     4 1416561949 
    7  570699535   879    22 1416562040 
    6  572492321   880    46 1416562785 
    7  572655381   881    97 1416562853 
    7  573634912   882   240 1416563260 
    7  573849929   883    22 1416563350 
    6  574331933   884    33 1416563550 
    7  574819379   885    40 1416563753 
    7  574935868   886   967 1416563801 
    6  575289297   887    97 1416563948 
    7  575559682   888    33 1416564061 
    6  576109983   889    35 1416564289 
    7  576295017   890    18 1416564366 
    6  576349050   891    19 1416564389 
    6  576440010   892   467 1416564427 
    6  576933900   893    32 1416564632 
    6  577618924   894   199 1416564917 
    6  578817956   895    37 1416565415 
    6  578949593   896    34 1416565470 
    6  579580267   897   216 1416565732 
    6  580479182   898   118 1416566106 
    6  581547529   899    84 1416566550 
    6  582600735   900    73 1416566988 
    6  583199018   901   150 1416567237 
    6  583233342   902    29 1416567251 
    6  583982492   903   390 1416567562 
    6  584692532   904    45 1416567858 
    6  584700158   905    65 1416567861 
    7  585757739   906   627 1416568300 
    7  586737655   907   824 1416568708 
    7  586783712   908   955 1416568727 
    6  587356290   909    34 1416568965 
    6  587376284   910    59 1416568973 
    6  588323192   911    27 1416569367 
    6  589423153   912     7 1416569824 
    6  589626560   913    42 1416569908 
    6  591724483   914    15 1416570780 
    6  591782723   915    58 1416570804 
    7  592062221   916   325 1416570921 
    6  593238169   917     2 1416571410 
    6  593297455   918    70 1416571434 
    6  594419655   919   138 1416571901 
    6  595971206   920   111 1416572546 
    7  597231884   921   234 1416573070 
    6  597530936   922   131 1416573194 
    6  599537229   923   199 1416574029 
    7  600240254   924   544 1416574321 
    6  600979091   925    21 1416574628 
    6  602188929   926    60 1416575131 
    6  602521128   927   414 1416575269 
    6  602878690   928    54 1416575418 
    6  603135505   929    58 1416575525 
    6  603806616   930   123 1416575804 
    6  603972396   931    25 1416575873 
    7  604089786   932    35 1416575922 
    6  605210079   933    77 1416576387 
    6  605959446   934    32 1416576699 
    6  606310263   935    23 1416576845 
    6  606378469   936    14 1416576873 
    6  606476580   937    94 1416576914 
    6  609094444   938    33 1416578002 
    6  609430994   939    33 1416578142 
    6  609679326   940    62 1416578246 
    7  610333508   941    34 1416578517 
    7  610948344   942    98 1416578773 
    6  611448608   943    45 1416578981 
    6  611669124   944   277 1416579073 
    6  611808558   945    36 1416579131 
    6  611993991   946    23 1416579208 
    6  612897987   947    36 1416579584 
    7  613592618   948   102 1416579873 
    6  614626235   949    12 1416580302 
    6  615585183   950    68 1416580701 
    6  615784503   951    43 1416580784 
    6  615803566   952   111 1416580792 
    7  616542241   953   214 1416581099 
    6  616593243   954    86 1416581120 
    6  617428180   955    34 1416581467 
    6  617545084   956    55 1416581516 
    6  618782275   957  1178 1416582030 
    7  618934362   958    84 1416582094 
    7  619498664   959   749 1416582328 
    6  619891794   960    17 1416582492 
    7  620215835   961    81 1416582626 
    6  620602421   962    73 1416582787 
    6  620799352   963    29 1416582869 
    6  621036427   964   216 1416582967 
    7  621259063   965   398 1416583060 
    7  621919646   966    89 1416583335 
    6  623540566   967    36 1416584009 
    6  623588804   968    26 1416584029 
    6  624339104   969    27 1416584341 
    6  624676205   970    10 1416584481 
    6  625827991   971    90 1416584960 
    6  626044301   972    69 1416585050 
    7  628099187   973   211 1416585904 
    6  628884278   974    25 1416586231 
    7  629276424   975     4 1416586394 
    7  631000058   976    18 1416587111 
    6  631160268   977    93 1416587177 
    6  631190927   978    79 1416587190 
    6  631638940   979     8 1416587377 
    6  631671716   980    34 1416587390 
    6  631795621   981    36 1416587442 
    6  632539964   982    70 1416587751 
    6  632649909   983    35 1416587797 
    7  632973865   984   159 1416587932 
    6  634088932   985    27 1416588395 
    7  634670309   986    53 1416588637 
    6  635813995   987    89 1416589113 
    6  636068105   988    13 1416589219 
    7  636217753   989    17 1416589281 
    6  638222446   990    25 1416590115 
    6  638980599   991    90 1416590430 
    6  639748976   992    58 1416590750 
    7  640514445   993   117 1416591068 
    6  640645916   994    42 1416591123 
    7  640922370   995    41 1416591238 
    6  641015939   996   250 1416591276 
    6  641104231   997    68 1416591313 
    6  641640114   998    33 1416591536 
    7  642057957   999    81 1416591710 
    7  642295371  1000   158 1416591808 
    6  642882301  1001   371 1416592053 
    6  643851417  1002    78 1416592456 
    6  644475307  1003    36 1416592715 
    6  644953259  1004    37 1416592914 
    7  645120993  1005   201 1416592984 
    6  646394020  1006    35 1416593513 
    6  646677631  1007    43 1416593631 
    6  647045871  1008   147 1416593784 
    7  647482967  1009    48 1416593966 
    6  647487119  1010    91 1416593968 
    6  647753468  1011    94 1416594078 
    6  647840617  1012   838 1416594115 
    6  647988377  1013   411 1416594176 
    6  650269507  1014    35 1416595125 
    7  650776019  1015    66 1416595335 
    7  653207873  1016    63 1416596346 
    6  654006241  1017    40 1416596679 
    7  654772457  1018    33 1416596997 
    6  654885711  1019    31 1416597044 
    7  655630457  1020    99 1416597354 
    6  655652182  1021    66 1416597363 
    6  656612899  1022    50 1416597763 
    6  657238639  1023    32 1416598023 
    6  657266172  1024    49 1416598035 
    6  658221014  1025   111 1416598432 
    6  658432740  1026    34 1416598520 
    7  660167333  1027    18 1416599242 
    7  660182814  1028    17 1416599248 
    6  660719876  1029   146 1416599472 
    6  661968342  1030   262 1416599993 
    6  663060644  1031    41 1416600448 
    6  663755028  1032   113 1416600740 
    6  664274579  1033    60 1416600957 
    6  664738732  1034    10 1416601152 
    6  664820488  1035    34 1416601186 
    6  665446187  1036   260 1416601446 
    6  665821714  1037   617 1416601603 
    7  666143674  1038     5 1416601737 
    6  666508591  1039   205 1416601889 
    6  668196766  1040    36 1416602593 
    6  669082719  1041    31 1416602962 
    6  672193751  1042    26 1416604257 
    6  672799234  1043     6 1416604510 
    6  673264602  1044   136 1416604704 
    7  674610425  1045    25 1416605264 
    6  674850941  1046    21 1416605364 
    7  675624322  1047   188 1416605686 
    6  676650475  1048   230 1416606114 
    6  676915487  1049    22 1416606224 
    6  677008867  1050    13 1416606263 
    6  677506954  1051   310 1416606471 
    6  677633875  1052     3 1416606524 
    6  677866775  1053     2 1416606621 
    7  677896406  1054    51 1416606633 
    6  678260098  1055    95 1416606784 
    7  678333032  1056    53 1416606815 
    6  679176258  1057    35 1416607166 
    6  682019488  1058     2 1416608349 
    6  683314529  1059    18 1416608888 
    7  684979841  1060    10 1416609581 
    7  685732972  1061   254 1416609895 
    6  687088629  1062     4 1416610459 
    7  687340473  1063   103 1416610563 
    6  689058662  1064    39 1416611278 
    6  690770681  1065    11 1416611990 
    6  692373614  1066    34 1416612657 
    6  692954319  1067   331 1416612898 
    6  693318732  1068    30 1416613050 
    7  693880644  1069   227 1416613283 
    6  695341591  1070    68 1416613891 
    6  696359358  1071    18 1416614314 
    7  696462513  1072   133 1416614357 
    7  698343216  1073   386 1416615139 
    6  698737602  1074   298 1416615303 
    7  699373573  1075    57 1416615567 
    6  699792659  1076    62 1416615741 
    6  700611564  1077   193 1416616082 
    6  701252910  1078   276 1416616348 
    6  702058603  1079   262 1416616683 
    6  702576779  1080    25 1416616899 
    7  703351134  1081    93 1416617221 
    6  704229150  1082    96 1416617586 
    6  704920593  1083   469 1416617873 
    6  705245993  1084     9 1416618009 
    6  706719545  1085   716 1416618621 
    6  708919516  1086   151 1416619536 
    6  709693895  1087   111 1416619858 
    6  709828006  1088    25 1416619914 
    6  710461815  1089    40 1416620177 
    6  711811992  1090    55 1416620739 
    6  712718284  1091   179 1416621116 
    6  713128748  1092   165 1416621286 
    6  713357082  1093   155 1416621381 
    7  713388344  1094   102 1416621394 
    6  713497374  1095     4 1416621440 
    6  714005080  1096    82 1416621651 
    7  714378092  1097  7927 1416621806 
    6  714531395  1098    60 1416621870 
    6  714823919  1099    17 1416621991 
    6  715040970  1100   102 1416622081 
    6  715333270  1101    34 1416622203 
    6  715556119  1102   134 1416622296 
    6  715653453  1103    35 1416622336 
    6  716078166  1104   117 1416622513 
    6  716360795  1105    49 1416622630 
    6  716364408  1106    14 1416622632 
    6  716503948  1107    75 1416622690 
    6  716759710  1108    36 1416622796 
    7  717587505  1109    39 1416623140 
    6  717717777  1110   124 1416623194 
    6  717806963  1111     2 1416623231 
    6  718479244  1112   132 1416623511 
    6  719038311  1113    40 1416623743 
    6  719059372  1114    94 1416623752 
    6  720265314  1115    85 1416624254 
    6  721531922  1116  1094 1416624780 
    6  722772198  1117   269 1416625296 
    6  722810093  1118   154 1416625311 
    7  723444449  1119   192 1416625575 
    6  723774914  1120   226 1416625713 
    6  725038673  1121   181 1416626238 
    7  725649237  1122    38 1416626492 
    6  725716976  1123   206 1416626520 
    6  728213387  1124    36 1416627558 
    7  728379345  1125   444 1416627627 
    6  728641411  1126    35 1416627736 
    7  729101200  1127     6 1416627927 
    7  729568967  1128     5 1416628121 
    6  729634432  1129   195 1416628149 
    6  729741490  1130    77 1416628193 
    6  731592610  1131    71 1416628963 
    6  733920496  1132   696 1416629931 
    6  734510851  1133    52 1416630176 
    6  734697946  1134    36 1416630254 
    6  734887544  1135     2 1416630333 
    6  734897232  1136    89 1416630337 
    6  735836617  1137    34 1416630727 
    6  736684261  1138    25 1416631080 
    6  737235786  1139    34 1416631309 
    6  737379315  1140   164 1416631369 
    6  737966262  1141    80 1416631613 
    6  739107938  1142    58 1416632088 
    7  739638278  1143    52 1416632308 
    7  739683647  1144   333 1416632327 
    6  739832572  1145    61 1416632389 
    6  739871690  1146    12 1416632405 
    6  741042351  1147    17 1416632892 
    6  741146530  1148    27 1416632935 
    6  741405103  1149    89 1416633042 
    7  741738692  1150    91 1416633181 
    6  742022178  1151   104 1416633299 
    6  742249800  1152    27 1416633394 
    6  742417461  1153   139 1416633463 
    7  743181451  1154   200 1416633781 
    6  744017979  1155   109 1416634129 
    6  744745494  1156   204 1416634431 
    7  744999919  1157   100 1416634537 
    6  745336881  1158    34 1416634677 
    7  745996405  1159    28 1416634951 
    6  746000674  1160    60 1416634953 
    6  747193375  1161    11 1416635449 
    7  749207677  1162    73 1416636286 
    6  749687269  1163    73 1416636485 
    6  749987025  1164   470 1416636610 
    6  750641683  1165    21 1416636882 
    7  750788383  1166   251 1416636943 
    6  751076752  1167    33 1416637063 
    6  751195199  1168    52 1416637112 
    6  752321939  1169    28 1416637580 
    6  752414353  1170   165 1416637619 
    6  752464533  1171   327 1416637640 
    7  753562531  1172    73 1416638096 
    7  754782600  1173    21 1416638603 
    6  755309679  1174   118 1416638822 
    6  755711205  1175    13 1416638989 
    7  755834250  1176    42 1416639040 
    6  756596173  1177    98 1416639357 
    7  757963816  1178     4 1416639926 
    6  758034521  1179    51 1416639955 
    7  758089533  1180   724 1416639978 
    7  758842096  1181   367 1416640291 
    6  759809065  1182    77 1416640693 
    7  760021256  1183   283 1416640781 
    7  761462893  1184   121 1416641380 
    6  761935444  1185    27 1416641576 
    7  762149546  1186   180 1416641665 
    7  762931150  1187   410 1416641990 
    6  763239518  1188    21 1416642118 
    7  764109138  1189    26 1416642480 
    6  764117197  1190   137 1416642483 
    6  764635611  1191   216 1416642699 
    6  766630376  1192    99 1416643528 
    6  766665887  1193   152 1416643543 
    6  767188810  1194   319 1416643760 
    6  767260720  1195    84 1416643790 
    6  767543937  1196   124 1416643908 
    6  768021615  1197    63 1416644106 
    6  768613406  1198    63 1416644352 
    6  769410557  1199   106 1416644684 
    6  770012557  1200    93 1416644934 
    7  770589615  1201    56 1416645174 
    7  771513512  1202     3 1416645558 
    6  772033174  1203    53 1416645774 
    6  772498337  1204   653 1416645967 
    6  773030612  1205    60 1416646189 
    6  773217856  1206    33 1416646267 
    7  773533165  1207   183 1416646398 
    7  775326203  1208    14 1416647143 
    6  775565133  1209   152 1416647242 
    6  776182900  1210   247 1416647499 
    6  776358156  1211    30 1416647572 
    6  776703665  1212    17 1416647716 
    6  777777840  1213    12 1416648162 
    7  778922169  1214   129 1416648638 
    6  779113520  1215   311 1416648718 
    6  780097596  1216    17 1416649127 
    6  780731705  1217    85 1416649390 
    6  780843985  1218    36 1416649437 
    6  783063280  1219   195 1416650360 
    6  783355468  1220    54 1416650481 
    6  783959722  1221    32 1416650732 
    6  784914736  1222   166 1416651129 
    6  785751670  1223    41 1416651477 
    6  786256495  1224    87 1416651687 
    6  787186785  1225   275 1416652074 
    6  787218687  1226    95 1416652087 
    7  787333901  1227    68 1416652135 
    6  787855022  1228    12 1416652352 
    7  787907219  1229   211 1416652373 
    6  788581456  1230    45 1416652654 
    7  788628298  1231    63 1416652673 
    7  790036299  1232    36 1416653258 
    6  790342050  1233    27 1416653386 
    6  790407938  1234    82 1416653413 
    6  790840423  1235    17 1416653593 
    7  791179505  1236    28 1416653734 
    6  791571587  1237    34 1416653897 
    6  792833724  1238     5 1416654421 
    6  793151560  1239   190 1416654553 
    6  793838456  1240   172 1416654839 
    6  794534770  1241    52 1416655128 
    6  795054677  1242    48 1416655345 
    7  795102051  1243   138 1416655364 
    6  795192923  1244   133 1416655402 
    6  795228921  1245   167 1416655417 
    6  795769927  1246    34 1416655642 
    6  795903506  1247   241 1416655697 
    6  796070004  1248   173 1416655767 
    6  796117391  1249    48 1416655786 
    6  796786182  1250   251 1416656064 
    6  796973117  1251    83 1416656142 
    7  797042719  1252    96 1416656171 
    6  797142430  1253   177 1416656212 
    6  798147004  1254    35 1416656630 
    7  799921617  1255    30 1416657368 
    6  800170827  1256    59 1416657471 
    6  801082304  1257   126 1416657850 
    6  802018869  1258     6 1416658240 
    7  802740199  1259   186 1416658539 
    6  803708006  1260    78 1416658942 
    6  805560265  1261   261 1416659712 
    6  805895390  1262    16 1416659851 
    6  806080242  1263   484 1416659928 
    7  807333403  1264   152 1416660449 
    6  808726311  1265   138 1416661028 
    6  809337304  1266    79 1416661282 
    7  809771572  1267    55 1416661462 
    6  809844796  1268    45 1416661493 
    6  810943670  1269     5 1416661950 
    6  811055677  1270    31 1416661996 
    6  811610620  1271   191 1416662227 
    6  812392045  1272    35 1416662552 
    6  812530953  1273    34 1416662609 
    6  812815817  1274   135 1416662728 
    6  813081414  1275    55 1416662838 
    7  813353307  1276    44 1416662951 
    7  813672213  1277    63 1416663084 
    7  814325225  1278   158 1416663355 
    7  814853445  1279    46 1416663575 
    6  815043965  1280    24 1416663654 
    6  815515646  1281   103 1416663850 
    7  816447988  1282    55 1416664238 
    6  817874277  1283   242 1416664831 
    6  818764089  1284   184 1416665201 
    6  820440537  1285    19 1416665898 
    7  821799943  1286   138 1416666463 
    6  821957863  1287   290 1416666529 
    6  821998752  1288    30 1416666546 
    6  822322392  1289    34 1416666680 
    6  822640633  1290    34 1416666812 
    6  825065555  1291   259 1416667821 
    7  826641649  1292    14 1416668476 
    6  827067608  1293   123 1416668653 
    7  828681720  1294    38 1416669324 
    6  829312994  1295    97 1416669587 
    6  829420172  1296    64 1416669631 
    6  829544705  1297   212 1416669683 
    6  830148657  1298   553 1416669934 
    6  831440783  1299    44 1416670471 
    6  832117724  1300    40 1416670753 
    6  832276493  1301   142 1416670819 
    6  833222056  1302   259 1416671212 
    6  833757254  1303    70 1416671434 
    7  833808975  1304    49 1416671456 
    7  834402254  1305    17 1416671703 
    6  834762566  1306    34 1416671852 
    6  835003184  1307    60 1416671952 
    6  835958186  1308    72 1416672349 
    6  836440442  1309    20 1416672550 
    6  838542506  1310    34 1416673424 
    6  839835602  1311    56 1416673962 
    7  841048999  1312    19 1416674467 
    7  842051137  1313   363 1416674883 
    6  842119071  1314     8 1416674912 
    6  842475916  1315    99 1416675060 
    6  842752251  1316   130 1416675175 
    6  844592322  1317   396 1416675940 
    7  847171749  1318    50 1416677013 
    7  847319905  1319   354 1416677074 
    7  847865752  1320   143 1416677301 
    6  848854564  1321   128 1416677712 
    6  848857336  1322     7 1416677714 
    6  849419308  1323   241 1416677947 
    6  850039246  1324    19 1416678205 
    6  850425599  1325   628 1416678366 
    6  850879432  1326   237 1416678554 
    6  851021707  1327    19 1416678613 
    6  851466191  1328    34 1416678798 
    7  851775381  1329    65 1416678927 
    6  851835019  1330    82 1416678951 
    6  852214010  1331   145 1416679109 
    7  852830219  1332   295 1416679365 
    7  853747410  1333   444 1416679747 
    6  854674145  1334    13 1416680132 
    6  854960910  1335    46 1416680251 
    6  858399724  1336    20 1416681681 
    6  858557894  1337    25 1416681747 
    6  859538039  1338    34 1416682155 
    6  859793964  1339    27 1416682261 
    7  861351836  1340   371 1416682909 
    7  862945273  1341    20 1416683571 
    6  862990575  1342    36 1416683590 
    7  863090076  1343    51 1416683632 
    6  864006946  1344    33 1416684013 
    6  864241922  1345    64 1416684111 
    6  864825966  1346   247 1416684354 
    6  864850660  1347   204 1416684364 
    6  866094229  1348    27 1416684881 
    6  867035503  1349    34 1416685273 
    6  867108368  1350    15 1416685303 
    6  867593985  1351    31 1416685505 
    6  867736050  1352    56 1416685564 
    6  867827820  1353    42 1416685602 
    6  868135445  1354    77 1416685730 
    6  868589175  1355   352 1416685919 
    7  869365069  1356     5 1416686241 
    6  870067381  1357    10 1416686534 
    6  870539125  1358    18 1416686730 
    6  871164147  1359    18 1416686990 
    6  871295037  1360   372 1416687044 
    6  871322325  1361    11 1416687055 
    6  871441801  1362   239 1416687105 
    6  871748258  1363    98 1416687233 
    6  871979675  1364   176 1416687329 
    6  872499039  1365    33 1416687545 
    6  873019944  1366    41 1416687761 
    6  873182632  1367   293 1416687829 
    7  873209344  1368   390 1416687840 
    7  873744900  1369    12 1416688063 
    7  876719721  1370   130 1416689300 
    7  876750070  1371   153 1416689312 
    7  877947582  1372   224 1416689810 
    7  878858155  1373   541 1416690189 
    6  879358541  1374   170 1416690397 
    6  879549910  1375    33 1416690476 
    6  879783675  1376     4 1416690574 
    7  880086578  1377     3 1416690700 
    6  880788214  1378    35 1416690991 
    6  881193628  1379   191 1416691160 
    6  881883386  1380    33 1416691447 
    7  883894527  1381   131 1416692283 
    6  884286494  1382   165 1416692446 
    6  884934801  1383   141 1416692716 
    7  885678468  1384     4 1416693025 
    7  886969838  1385    55 1416693562 
    7  887107325  1386   198 1416693619 
    7  887204815  1387    13 1416693660 
    7  887750230  1388   184 1416693886 
    6  888097699  1389    10 1416694031 
    7  888380964  1390    25 1416694149 
    6  888387633  1391    32 1416694151 
    7  889284853  1392    25 1416694525 
    7  889521705  1393   118 1416694623 
    6  890255946  1394   291 1416694928 
    6  890307553  1395    21 1416694950 
    6  890419101  1396    32 1416694996 
    6  890746264  1397    29 1416695132 
    6  892428630  1398    52 1416695832 
    6  894618766  1399   605 1416696743 
    7  894639505  1400   530 1416696751 
    6  896982764  1401   153 1416697726 
    7  898058827  1402    13 1416698173 
    7  898423351  1403    18 1416698325 
    7  898752767  1404    88 1416698462 
    6  899123545  1405   268 1416698616 
    6  899173681  1406    54 1416698637 
    6  899976060  1407   487 1416698970 
    6  900361962  1408    88 1416699131 
    7  901850600  1409    36 1416699750 
    7  902155412  1410   872 1416699877 
    6  902385782  1411   103 1416699972 
    7  902480937  1412    19 1416700012 
    6  903425977  1413    36 1416700405 
    6  904366316  1414    34 1416700796 
    6  904957960  1415    91 1416701042 
    7  905068405  1416   623 1416701088 
    6  905294736  1417    37 1416701182 
    6  905814578  1418   175 1416701398 
    6  907179879  1419     8 1416701966 
    7  907656810  1420     6 1416702164 
    7  907768716  1421    49 1416702211 
    7  907856596  1422   273 1416702247 
    6  908972922  1423    35 1416702711 
    6  909025070  1424    43 1416702733 
    6  909982243  1425   268 1416703131 
    6  910455245  1426    35 1416703328 
    6  910723591  1427    24 1416703439 
    6  910839245  1428   673 1416703487 
    7  911561888  1429   407 1416703788 
    6  913026835  1430    97 1416704397 
    7  913882700  1431    48 1416704753 
    6  915269446  1432   123 1416705330 
    6  915802032  1433    34 1416705551 
    6  916059345  1434    35 1416705658 
    7  916192111  1435   518 1416705713 
    7  917053743  1436    45 1416706072 
    7  917268017  1437    61 1416706161 
    7  917523835  1438     8 1416706267 
    6  917806113  1439    33 1416706385 
    7  918241021  1440     4 1416706566 
    7  918774649  1441   483 1416706787 
    6  918885095  1442    10 1416706833 
    6  918962088  1443    34 1416706865 
    7  919270532  1444    35 1416706994 
    7  919554176  1445   131 1416707112 
    6  919784503  1446   313 1416707207 
    6  919937077  1447    20 1416707271 
    6  919956852  1448    33 1416707279 
    6  920332888  1449     5 1416707435 
    7  920508886  1450   818 1416707509 
    6  920863966  1451    35 1416707656 
    6  921036399  1452     7 1416707728 
    7  921138910  1453   509 1416707771 
    7  921552212  1454   226 1416707942 
    6  922766005  1455    61 1416708447 
    6  924834480  1456    17 1416709307 
    6  926090563  1457   210 1416709829 
    7  926707532  1458   353 1416710086 
    6  926783798  1459   177 1416710118 
    6  927379422  1460   225 1416710365 
    7  928119651  1461    16 1416710673 
    6  928264223  1462   245 1416710733 
    6  928957805  1463   231 1416711022 
    6  929599946  1464   321 1416711289 
    6  931613543  1465    34 1416712126 
    6  932580242  1466    20 1416712528 
    7  933092922  1467    20 1416712741 
    7  936630758  1468   998 1416714212 
    6  937467006  1469   163 1416714560 
    7  937712126  1470    47 1416714662 
    7  937813402  1471    81 1416714704 
    7  938105087  1472    42 1416714826 
    7  939555684  1473   412 1416715429 
    6  939841665  1474   184 1416715547 
    6  940000543  1475   282 1416715613 
    6  940424858  1476    46 1416715790 
    7  940842151  1477   249 1416715963 
    7  940933951  1478   292 1416716002 
    7  941088058  1479   143 1416716066 
    6  942413082  1480    16 1416716617 
    6  943191219  1481    47 1416716940 
    6  943335151  1482   326 1416717000 
    6  943706298  1483    52 1416717154 
    6  945161185  1484   134 1416717759 
    6  945237481  1485   271 1416717791 
    6  945427762  1486    34 1416717870 
    6  945469899  1487    79 1416717888 
    6  946329734  1488   210 1416718245 
    6  946381758  1489    16 1416718267 
    6  946611186  1490   116 1416718362 
    6  948755664  1491   175 1416719253 
    6  948842063  1492    11 1416719289 
    6  949191631  1493    39 1416719435 
    6  950020078  1494    42 1416719779 
    6  950496330  1495    48 1416719977 
    6  950525666  1496   141 1416719989 
    6  950715764  1497    66 1416720068 
    6  951994992  1498   186 1416720600 
    6  954502837  1499   156 1416721642 
    6  954666398  1500   214 1416721710 
    6  955124825  1501    32 1416721901 
    6  955418790  1502   607 1416722023 
    6  955986166  1503    17 1416722259 
    6  956686272  1504   172 1416722550 
    6  956964896  1505    14 1416722666 
    6  957285032  1506    85 1416722799 
    6  957349580  1507   196 1416722826 
    6  957644613  1508    32 1416722948 
    7  957839451  1509    80 1416723029 
    7  957956327  1510   574 1416723078 
    6  958196402  1511    28 1416723178 
    6  958771925  1512   118 1416723417 
    6  961755098  1513    38 1416724657 
    6  963213093  1514    84 1416725263 
    6  964425687  1515   160 1416725766 
    7  964857610  1516     2 1416725946 
    6  964948275  1517   273 1416725984 
    6  966122149  1518     8 1416726471 
    6  968024248  1519    35 1416727262 
    6  969158642  1520    35 1416727734 
    7  969209638  1521   303 1416727755 
    6  969382041  1522   225 1416727827 
    6  970270835  1523    35 1416728196 
    7  970407175  1524     5 1416728253 
    7  970789506  1525    49 1416728412 
    7  971903485  1526   157 1416728875 
    7  972077202  1527   296 1416728947 
    6  972717127  1528    45 1416729213 
    6  972761347  1529    28 1416729231 
    6  974270517  1530    10 1416729859 
    7  974617470  1531    23 1416730003 
    6  974676981  1532    16 1416730027 
    6  974804240  1533    41 1416730080 
    6  975066577  1534    24 1416730189 
    6  976379752  1535   102 1416730735 
    7  976549138  1536    40 1416730805 
    6  976668166  1537    21 1416730855 
    6  976708824  1538    12 1416730872 
    6  977530536  1539    94 1416731213 
    6  978170392  1540    30 1416731479 
    6  978311867  1541   142 1416731538 
    6  978578780  1542    54 1416731649 
    7  979243064  1543    19 1416731925 
    6  979962013  1544     7 1416732224 
    7  980290826  1545    89 1416732361 
    6  980442695  1546   366 1416732424 
    7  980756291  1547    36 1416732554 
    7  981146548  1548    45 1416732716 
    6  981288890  1549    33 1416732776 
    7  981343968  1550    96 1416732799 
    6  981485625  1551   261 1416732857 
    6  982059661  1552    38 1416733096 
    7  982347679  1553   109 1416733216 
    6  982397785  1554    16 1416733237 
    7  982659026  1555   148 1416733345 
    6  982884594  1556    55 1416733439 
    7  982926773  1557    81 1416733456 
    7  983103725  1558   955 1416733530 
    6  983236324  1559    35 1416733585 
    6  983619599  1560    70 1416733744 
    7  983962250  1561   385 1416733886 
    6  984998136  1562   144 1416734317 
    6  985017582  1563   335 1416734325 
    6  985903948  1564    53 1416734694 
    6  987046768  1565    97 1416735169 
    6  987314042  1566    33 1416735280 
    6  987970164  1567    82 1416735552 
    7  989397347  1568    49 1416736146 
    7  990352600  1569    93 1416736543 
    6  990448956  1570    33 1416736583 
    7  991379642  1571    45 1416736970 
    6  992082714  1572   310 1416737262 
    6  993292136  1573    73 1416737765 
    6  995963565  1574    31 1416738875 
    6  997170213  1575   463 1416739377 
    6  997284546  1576    34 1416739424 
    6  997720568  1577   548 1416739605 
    6  999263963  1578     8 1416740247 
    6  999352041  1579   262 1416740283 
    7  999499390  1580    36 1416740345 
    6 1000284846  1581    32 1416740671 
    6 1000732051  1582   263 1416740857 
    6 1001014649  1583    74 1416740974 
    6 1001555445  1584    14 1416741199 
    6 1001847558  1585    21 1416741321 
    7 1001864113  1586   101 1416741328 
    6 1002437841  1587   142 1416741566 
    6 1003848361  1588    73 1416742152 
    6 1004451564  1589    33 1416742403 
    7 1004796693  1590    26 1416742546 
    6 1005451690  1591   418 1416742818 
    6 1005590630  1592    28 1416742876 
    6 1006559589  1593    24 1416743279 
    7 1007439743  1594    54 1416743645 
    6 1009909739  1595   196 1416744672 
    6 1010233528  1596    67 1416744806 
    7 1010710868  1597    90 1416745005 
    6 1011422285  1598    32 1416745300 
    6 1011784439  1599   475 1416745451 
    6 1011978377  1600   215 1416745532 
    6 1012503190  1601   154 1416745750 
    6 1012956145  1602    64 1416745941 
    6 1014078918  1603    68 1416746407 
    6 1015418956  1604    31 1416746964 
    6 1016946493  1605    84 1416747599 
    6 1017058698  1606    50 1416747646 
    6 1017423274  1607   104 1416747797 
    6 1017922631  1608    84 1416748005 
    6 1018618751  1609   152 1416748294 
    6 1022405022  1610    93 1416749868 
    6 1022790388  1611    81 1416750028 
    7 1022986292  1612   133 1416750109 
    7 1023424631  1613   659 1416750291 
    6 1023536897  1614    24 1416750338 
    6 1023541357  1615    58 1416750340 
    6 1024519208  1616    69 1416750746 
    6 1024596981  1617   124 1416750779 
    6 1025546964  1618    72 1416751174 
    7 1026391838  1619   115 1416751525 
    7 1026777270  1620     8 1416751685 
    6 1026864676  1621    59 1416751722 
    6 1027433965  1622    14 1416751958 
    6 1028566236  1623    35 1416752429 
    6 1028687183  1624    31 1416752479 
    6 1029694842  1625   147 1416752898 
    6 1029737900  1626    22 1416752916 
    7 1030175152  1627     5 1416753098 
    7 1030548922  1628    51 1416753253 
    6 1031899932  1629    41 1416753815 
    6 1032251105  1630   280 1416753961 
    7 1032308053  1631    77 1416753985 
    7 1032645851  1632    49 1416754125 
    6 1033158244  1633    33 1416754338 
    6 1033196028  1634    55 1416754354 
    6 1033505172  1635   213 1416754482 
    6 1034508916  1636    16 1416754900 
    7 1035418940  1637   239 1416755278 
    6 1035546256  1638     4 1416755331 
    6 1036600409  1639    28 1416755769 
    7 1037414332  1640   299 1416756108 
    6 1038201395  1641    36 1416756435 
    6 1038421013  1642    49 1416756526 
    6 1039140095  1643   665 1416756825 
    7 1040375630  1644    20 1416757339 
    6 1040424523  1645   116 1416757359 
    7 1040501720  1646    25 1416757391 
    6 1041025701  1647    86 1416757609 
    6 1041538044  1648    32 1416757822 
    6 1042903972  1649   221 1416758390 
    6 1043499392  1650   166 1416758637 
    6 1044685880  1651   142 1416759131 
    6 1044767773  1652    33 1416759165 
    7 1044895672  1653    69 1416759218 
    6 1045880349  1654   134 1416759627 
    6 1046377136  1655    59 1416759834 
    6 1046422183  1656   266 1416759852 
    6 1046997370  1657   233 1416760091 
    6 1048054195  1658    35 1416760531 
    6 1048343116  1659    63 1416760651 
    6 1048828448  1660    34 1416760853 
    7 1049315419  1661   183 1416761055 
    6 1050316959  1662    36 1416761471 
    6 1050710835  1663    68 1416761635 
    6 1050815610  1664   266 1416761678 
    7 1052208932  1665    62 1416762258 
    6 1052456212  1666    32 1416762360 
    6 1053691990  1667   464 1416762874 
    7 1054195333  1668    55 1416763083 
    6 1056714256  1669   128 1416764131 
    7 1057634901  1670     4 1416764513 
    6 1057664844  1671    38 1416764526 
    6 1059131354  1672    35 1416765136 
    7 1059379962  1673   219 1416765239 
    6 1059626383  1674   314 1416765341 
    6 1060594388  1675    57 1416765744 
    7 1061056095  1676   143 1416765935 
    6 1062053497  1677   171 1416766350 
    6 1062225804  1678   248 1416766422 
    6 1064333448  1679    10 1416767298 
    7 1064807489  1680   112 1416767495 
    6 1064927049  1681    98 1416767544 
    6 1066694454  1682    34 1416768279 
    6 1067061632  1683    32 1416768432 
    6 1068776531  1684    36 1416769145 
    7 1071081681  1685    39 1416770103 
    6 1071495530  1686    79 1416770275 
    6 1071874334  1687   124 1416770432 
    7 1072178738  1688    66 1416770559 
    7 1072762291  1689   289 1416770802 
    6 1072944514  1690   160 1416770877 
    6 1074263447  1691   154 1416771425 
    7 1075958196  1692   171 1416772130 
    6 1076801360  1693   129 1416772480 
    6 1077527875  1694    67 1416772783 
    7 1078618342  1695    70 1416773236 
    7 1079516635  1696    20 1416773609 
    6 1080093923  1697    36 1416773849 
    6 1080432130  1698   162 1416773990 
    6 1080564732  1699    83 1416774045 
    7 1081317040  1700    39 1416774358 
    7 1081740002  1701   129 1416774534 
    7 1081811945  1702   853 1416774564 
    7 1081951752  1703   120 1416774622 
    6 1082730881  1704   161 1416774946 
    7 1082946878  1705   420 1416775035 
    6 1083715387  1706    57 1416775355 
    6 1083880992  1707    62 1416775424 
    6 1084169869  1708   156 1416775544 
    6 1084696938  1709    32 1416775763 
    6 1085322398  1710     8 1416776023 
    7 1085445147  1711   292 1416776074 
    6 1085669473  1712    68 1416776167 
    6 1086151363  1713    34 1416776368 
    6 1086184940  1714    54 1416776382 
    6 1087779765  1715   249 1416777045 
    6 1090597258  1716    98 1416778216 
    6 1090626020  1717    34 1416778228 
    6 1091929443  1718   276 1416778770 
    6 1092557938  1719    82 1416779031 
    6 1093548267  1720   169 1416779443 
    7 1093936078  1721    51 1416779604 
    6 1094268137  1722   369 1416779742 
    7 1094412422  1723    11 1416779802 
    6 1094570713  1724   198 1416779868 
    7 1097912742  1725    17 1416781258 
    6 1099156943  1726    80 1416781775 
    7 1099463946  1727    26 1416781903 
    6 1099869732  1728    57 1416782071 
    7 1100149403  1729   405 1416782188 
    6 1100271438  1730    23 1416782238 
    6 1101517929  1731    32 1416782757 
    6 1102879154  1732    18 1416783323 
    6 1102985656  1733   205 1416783367 
    6 1104319305  1734    35 1416783921 
    7 1104749822  1735    19 1416784100 
    6 1106107426  1736    65 1416784665 
    6 1106331444  1737   349 1416784758 
    6 1106465915  1738    34 1416784814 
    7 1109323228  1739    24 1416786002 
    6 1109402185  1740    41 1416786035 
    6 1109843307  1741    79 1416786218 
    6 1110306495  1742    32 1416786411 
    7 1110311859  1743    61 1416786413 
    6 1112258405  1744    11 1416787222 
    6 1112333779  1745   142 1416787254 
    6 1112427567  1746   112 1416787293 
    6 1112797933  1747    34 1416787447 
    6 1113177504  1748     4 1416787604 
    6 1113395602  1749    14 1416787695 
    6 1113561515  1750    34 1416787764 
    6 1113616615  1751    35 1416787787 
    7 1113830884  1752   102 1416787876 
    6 1113857731  1753   293 1416787887 
    6 1113880885  1754    88 1416787897 
    7 1114357725  1755     5 1416788095 
    7 1115833478  1756    20 1416788709 
    6 1115967859  1757     8 1416788764 
    6 1116642509  1758    35 1416789045 
    6 1117237405  1759    67 1416789292 
    7 1117456329  1760    14 1416789383 
    6 1118081178  1761   196 1416789643 
    7 1118263502  1762    38 1416789719 
    6 1118877791  1763    58 1416789974 
    6 1119952533  1764    50 1416790421 
    6 1120655868  1765     6 1416790714 
    6 1122592328  1766    11 1416791519 
    6 1123680516  1767    30 1416791971 
    6 1123767302  1768    93 1416792007 
    6 1124490716  1769    10 1416792308 
    6 1124910788  1770     5 1416792483 
    6 1126686109  1771   124 1416793221 
    7 1126728816  1772    43 1416793239 
    6 1127523557  1773   254 1416793569 
    6 1128976221  1774   308 1416794173 
    6 1129007115  1775    16 1416794186 
    6 1129618370  1776   287 1416794440 
    6 1131451867  1777    82 1416795202 
    6 1131814060  1778    27 1416795353 
    6 1132872246  1779   262 1416795793 
    6 1133240403  1780   136 1416795946 
    6 1133732890  1781    20 1416796151 
    6 1134368070  1782   250 1416796415 
    7 1135918063  1783   178 1416797059 
    6 1137540316  1784    43 1416797734 
    6 1138328345  1785    28 1416798061 
    6 1139513854  1786    73 1416798554 
    7 1140968268  1787    17 1416799159 
    6 1141710437  1788   336 1416799467 
    7 1141727557  1789   531 1416799475 
    6 1142281949  1790    32 1416799705 
    6 1142350727  1791    74 1416799734 
    7 1142470562  1792   156 1416799783 
    6 1142653554  1793    69 1416799860 
    6 1143996992  1794   141 1416800418 
    7 1144271945  1795   123 1416800532 
    6 1144281315  1796    35 1416800536 
    6 1145484645  1797   122 1416801037 
    6 1146892799  1798    26 1416801622 
    6 1147154961  1799    32 1416801731 
    7 1147475881  1800    15 1416801864 
    6 1147504675  1801    34 1416801876 
    6 1148221791  1802     7 1416802175 
    6 1148777269  1803    51 1416802405 
    7 1149717529  1804    90 1416802796 
    6 1149803261  1805    96 1416802832 
    7 1150198672  1806    53 1416802996 
    6 1150358615  1807   104 1416803063 
    6 1151849029  1808    49 1416803683 
    7 1153512456  1809    44 1416804374 
    6 1153613343  1810    26 1416804416 
    6 1154333312  1811   106 1416804715 
    6 1154447058  1812    87 1416804763 
    6 1154617081  1813    16 1416804833 
    6 1156407098  1814     2 1416805578 
    6 1157367078  1815   128 1416805977 
    6 1157485057  1816    38 1416806026 
    7 1157687683  1817    14 1416806110 
    7 1159271154  1818    64 1416806768 
    7 1161272913  1819    99 1416807601 
    6 1161565035  1820    29 1416807722 
    6 1162446715  1821   139 1416808089 
    6 1163181464  1822   356 1416808394 
    6 1163394326  1823   204 1416808483 
    6 1163878244  1824    67 1416808684 
    6 1164049497  1825    32 1416808755 
    6 1164069278  1826   273 1416808763 
    7 1165293996  1827   144 1416809273 
    6 1165959126  1828    18 1416809549 
    6 1166625226  1829    96 1416809826 
    6 1166821741  1830   120 1416809908 
    6 1168553240  1831   294 1416810628 
    6 1169921851  1832   137 1416811197 
    6 1171741096  1833   120 1416811953 
    7 1172109118  1834   659 1416812106 
    6 1173081700  1835   290 1416812511 
    6 1173158814  1836    19 1416812543 
    6 1173553673  1837   101 1416812707 
    6 1173634334  1838    32 1416812740 
    6 1173787027  1839    35 1416812804 
    7 1174269134  1840    19 1416813004 
    7 1175883513  1841    45 1416813675 
    6 1176698846  1842   280 1416814015 
    6 1176736733  1843    33 1416814030 
    6 1177820893  1844    57 1416814481 
    6 1178001451  1845   222 1416814556 
    7 1179645641  1846   176 1416815240 
    6 1180680150  1847    67 1416815670 
    6 1182250790  1848    76 1416816323 
    7 1182417343  1849   546 1416816392 
    6 1182417738  1850    87 1416816392 
    6 1182742328  1851    52 1416816527 
    7 1182874951  1852    61 1416816582 
    6 1183322186  1853   267 1416816768 
    7 1183382438  1854   100 1416816793 
    6 1184826660  1855    22 1416817394 
    7 1184889444  1856    25 1416817420 
    6 1185448758  1857    51 1416817652 
    7 1186046985  1858    36 1416817901 
    6 1187069655  1859    12 1416818326 
    6 1187456924  1860    78 1416818487 
    7 1188032978  1861    89 1416818727 
    6 1188208114  1862   119 1416818800 
    6 1189090007  1863   133 1416819166 
    6 1190236782  1864    30 1416819643 
    6 1190590282  1865    33 1416819790 
    6 1190952177  1866   489 1416819940 
    6 1192384812  1867   323 1416820536 
    6 1192632363  1868    35 1416820639 
    6 1192673439  1869    51 1416820656 
    6 1192675181  1870   172 1416820656 
    6 1193582443  1871    71 1416821034 
    6 1194567734  1872    88 1416821443 
    6 1196169128  1873    53 1416822109 
    6 1196259338  1874   101 1416822147 
    6 1196949567  1875    55 1416822433 
    6 1199768721  1876    51 1416823605 
    6 1200307326  1877   480 1416823829 
    6 1200516265  1878   151 1416823916 
    6 1201162856  1879    41 1416824185 
    6 1201884205  1880    43 1416824485 
    6 1201984729  1881    88 1416824527 
    7 1202415385  1882   339 1416824706 
    6 1202850973  1883   119 1416824887 
    6 1203278156  1884    36 1416825064 
    7 1203860889  1885    96 1416825307 
    6 1203866721  1886   172 1416825309 
    6 1204265061  1887    35 1416825475 
    6 1204408277  1888    53 1416825534 
    7 1205289859  1889   112 1416825901 
    6 1205426511  1890    52 1416825957 
    6 1205650704  1891   483 1416826051 
    6 1205999073  1892    33 1416826196 
    6 1206492195  1893    34 1416826401 
    6 1209905348  1894    22 1416827819 
    6 1210844030  1895   102 1416828209 
    6 1210960711  1896    10 1416828258 
    6 1210963484  1897    61 1416828259 
    6 1213539477  1898   225 1416829330 
    6 1213647726  1899    34 1416829375 
    6 1213785961  1900    31 1416829432 
    6 1214311723  1901    26 1416829651 
    6 1214651576  1902   205 1416829792 
    6 1215501431  1903    20 1416830146 
    6 1216043143  1904    32 1416830371 
    6 1216050834  1905    33 1416830374 
    6 1216930786  1906    49 1416830740 
    7 1217048616  1907    16 1416830789 
    6 1217072852  1908   109 1416830799 
    7 1217740737  1909    87 1416831076 
    6 1218189026  1910    96 1416831263 
    6 1218623104  1911    35 1416831443 
    6 1219050411  1912    35 1416831621 
    6 1222483969  1913    66 1416833048 
    7 1223611533  1914   106 1416833517 
    6 1225820396  1915    76 1416834435 
    6 1228156766  1916   101 1416835406 
    6 1228269376  1917   393 1416835453 
    6 1228319783  1918    56 1416835474 
    7 1228353617  1919   142 1416835488 
    7 1228380111  1920    45 1416835499 
    6 1228730476  1921   311 1416835645 
    6 1229938650  1922   224 1416836147 
    6 1230826304  1923    22 1416836516 
    6 1234003416  1924    84 1416837837 
    6 1236810145  1925   107 1416839003 
    6 1236884597  1926   710 1416839034 
    6 1237313997  1927    35 1416839212 
    6 1238599588  1928    35 1416839747 
    6 1238735683  1929   149 1416839803 
    7 1239872574  1930    24 1416840276 
    7 1240500978  1931    95 1416840537 
    6 1242907198  1932    45 1416841538 
    6 1243840746  1933   105 1416841926 
    6 1244063458  1934   523 1416842019 
    6 1246227285  1935    59 1416842918 
    6 1248663087  1936    70 1416843931 
    6 1249129732  1937    25 1416844125 
    6 1249232902  1938   137 1416844168 
    6 1249622983  1939    12 1416844330 
    7 1249740111  1940   353 1416844379 
    6 1251043175  1941    11 1416844921 
    6 1251100586  1942   154 1416844944 
    6 1251383404  1943    34 1416845062 
    7 1252486938  1944   283 1416845521 
    6 1253077771  1945   121 1416845766 
    6 1253772091  1946   278 1416846055 
    6 1253884969  1947   280 1416846102 
    7 1255053815  1948     4 1416846588 
    6 1255427803  1949    41 1416846743 
    6 1255579820  1950   119 1416846807 
    6 1256147457  1951    83 1416847043 
    6 1256499952  1952   134 1416847189 
    6 1257256635  1953   210 1416847504 
    6 1258369445  1954     8 1416847966 
    6 1259021404  1955   209 1416848237 
    6 1260296993  1956    42 1416848767 
    7 1261222479  1957   224 1416849152 
    6 1262256678  1958   153 1416849582 
    7 1263468495  1959    37 1416850086 
    6 1264729578  1960    12 1416850610 
    7 1265112129  1961   102 1416850769 
    6 1266911457  1962   155 1416851517 
    6 1267043937  1963    10 1416851572 
    7 1268070657  1964    95 1416851999 
    6 1268330185  1965   475 1416852107 
    6 1269248648  1966    34 1416852489 
    6 1269554080  1967   160 1416852616 
    6 1270284342  1968    24 1416852920 
    7 1270532742  1969    92 1416853023 
    6 1272144705  1970   195 1416853693 
    6 1273108916  1971   142 1416854094 
    6 1273614152  1972   148 1416854304 
    7 1273996716  1973   556 1416854463 
    7 1275079220  1974   114 1416854913 
    7 1276805789  1975   387 1416855631 
    6 1277692943  1976    25 1416856000 
    6 1278114205  1977     6 1416856175 
    7 1278128838  1978    86 1416856181 
    6 1278423350  1979    76 1416856303 
    6 1279111608  1980    32 1416856589 
    6 1279361427  1981   147 1416856693 
    6 1279626261  1982    44 1416856803 
    6 1279835383  1983   195 1416856890 
    6 1280664232  1984   195 1416857235 
    6 1280969763  1985   686 1416857362 
    6 1282176603  1986   133 1416857864 
    6 1283016027  1987   123 1416858213 
    6 1283476741  1988    56 1416858405 
    7 1284369867  1989    23 1416858776 
    6 1284609984  1990   146 1416858876 
    6 1285530564  1991    72 1416859259 
    6 1286937433  1992     9 1416859844 
    6 1287114044  1993    91 1416859917 
    6 1287301173  1994   137 1416859995 
    6 1288870720  1995    35 1416860648 
    6 1288951658  1996    19 1416860681 
    6 1289593212  1997    45 1416860948 
    7 1290995322  1998   100 1416861531 
    6 1291766085  1999    89 1416861851 
    7 1292856220  2000   103 1416862304 
    6 1293235327  2001    34 1416862462 
    6 1295987673  2002    46 1416863607 
    6 1296220843  2003     2 1416863704 
    6 1297243821  2004    34 1416864129 
    6 1297591132  2005   241 1416864273 
    6 1298337715  2006  1097 1416864583 
    7 1298504174  2007    29 1416864653 
    6 1299051927  2008    32 1416864880 
    6 1300722140  2009    14 1416865575 
    6 1300811631  2010    35 1416865612 
    6 1300928793  2011    58 1416865661 
    6 1301764351  2012   106 1416866008 
    7 1301912492  2013   132 1416866070 
    7 1301991383  2014    25 1416866102 
    6 1303123399  2015   133 1416866573 
    7 1303131574  2016    91 1416866576 
    6 1303568620  2017    20 1416866758 
    6 1304214197  2018    24 1416867027 
    6 1304960813  2019    35 1416867337 
    6 1305614033  2020     6 1416867609 
    6 1306989776  2021     1 1416868181 
    6 1307541533  2022   110 1416868410 
    6 1307696459  2023     4 1416868474 
    7 1308642933  2024     6 1416868868 
    7 1308963876  2025   206 1416869001 
    6 1309718135  2026    54 1416869315 
    7 1309958395  2027    91 1416869415 
    6 1310389456  2028   145 1416869594 
    6 1310812577  2029   302 1416869770 
    6 1310874304  2030   298 1416869795 
    7 1312020934  2031    10 1416870272 
    6 1312573234  2032    91 1416870502 
    6 1313451372  2033   162 1416870867 
    6 1314387472  2034    86 1416871256 
    6 1314416675  2035   163 1416871268 
    6 1315109835  2036   175 1416871556 
    6 1315114772  2037    89 1416871558 
    6 1315577123  2038    89 1416871750 
    7 1315971335  2039    57 1416871914 
    6 1316268728  2040    35 1416872038 
    6 1317465248  2041    48 1416872535 
    6 1317507959  2042    34 1416872553 
    6 1317949249  2043    78 1416872736 
    6 1319511210  2044    35 1416873386 
    7 1323521354  2045    13 1416875053 
    6 1323743104  2046   175 1416875145 
    6 1323801863  2047    85 1416875170 
    6 1324979080  2048    40 1416875659 
    6 1325044082  2049    31 1416875686 
    6 1325833029  2050    96 1416876014 
    6 1326250724  2051    11 1416876188 
    6 1327319179  2052   159 1416876632 
    6 1327882237  2053    31 1416876866 
    7 1328867392  2054     2 1416877276 
    6 1329562069  2055   114 1416877565 
    6 1329738552  2056    36 1416877638 
    7 1330056475  2057    42 1416877770 
    6 1330806120  2058     7 1416878082 
    6 1330999036  2059   108 1416878162 
    7 1331295800  2060    38 1416878286 
    7 1331699812  2061   212 1416878454 
    6 1332395237  2062    20 1416878743 
    6 1332792153  2063     2 1416878908 
    6 1334998837  2064    23 1416879825 
    6 1335679231  2065   623 1416880108 
    6 1336820551  2066   487 1416880582 
    7 1337295620  2067   217 1416880780 
    6 1337677242  2068   118 1416880938 
    7 1337776565  2069    26 1416880980 
    6 1339258502  2070    58 1416881595 
    7 1340778372  2071    55 1416882227 
    6 1340970399  2072    34 1416882307 
    6 1341708194  2073   114 1416882614 
    6 1342205552  2074    85 1416882821 
    6 1342811273  2075   117 1416883072 
    6 1343280517  2076   387 1416883267 
    6 1346143034  2077     4 1416884457 
    6 1346685748  2078    32 1416884683 
    7 1346910632  2079   221 1416884777 
    6 1348956931  2080   127 1416885627 
    7 1349565941  2081    74 1416885880 
    7 1350319398  2082     5 1416886193 
    6 1350666147  2083    96 1416886338 
    6 1351221994  2084     7 1416886568 
    6 1351634045  2085   115 1416886740 
    7 1352436920  2086    17 1416887074 
    7 1352804267  2087    94 1416887226 
    6 1353779451  2088    50 1416887632 
    7 1354365061  2089    49 1416887875 
    6 1354459687  2090    34 1416887915 
    7 1355022047  2091   385 1416888148 
    7 1355479015  2092   840 1416888338 
    6 1356370704  2093    55 1416888709 
    6 1356799232  2094   173 1416888887 
    6 1357448282  2095    47 1416889157 
    6 1357752903  2096    73 1416889284 
    7 1358188812  2097    23 1416889465 
    6 1358443056  2098    14 1416889571 
    6 1358671938  2099    78 1416889666 
    7 1358959772  2100    79 1416889785 
    6 1359241478  2101    34 1416889902 
    6 1359296581  2102    45 1416889925 
    6 1359441170  2103    44 1416889986 
    6 1361296180  2104    35 1416890757 
    6 1362840368  2105   249 1416891399 
    7 1362968169  2106     2 1416891452 
    6 1365228175  2107   100 1416892391 
    7 1366440575  2108   134 1416892895 
    6 1367545698  2109   228 1416893355 
    6 1367723851  2110     9 1416893429 
    7 1367763593  2111   323 1416893446 
    6 1368081331  2112   182 1416893578 
    7 1368202266  2113   115 1416893628 
    6 1368465799  2114    79 1416893738 
    6 1368938669  2115    32 1416893934 
    6 1368992359  2116     5 1416893956 
    7 1369224547  2117   167 1416894053 
    6 1369310316  2118    22 1416894089 
    6 1369439040  2119    67 1416894142 
    6 1370148710  2120   109 1416894437 
    7 1370564531  2121   798 1416894610 
    6 1370994184  2122     1 1416894789 
    6 1372275223  2123    94 1416895321 
    6 1372499258  2124    33 1416895415 
    7 1372558650  2125   183 1416895439 
    7 1373012401  2126    79 1416895628 
    7 1373896012  2127   106 1416895995 
    6 1374411354  2128   109 1416896210 
    6 1374594571  2129    38 1416896286 
    6 1374685830  2130    33 1416896324 
    6 1375342141  2131   252 1416896597 
    7 1375544352  2132    39 1416896681 
    7 1379475549  2133    93 1416898315 
    7 1381363693  2134   163 1416899100 
    6 1381682530  2135  1043 1416899233 
    6 1382403886  2136   150 1416899533 
    7 1382967183  2137    21 1416899767 
    6 1383052446  2138   260 1416899802 
    7 1383062807  2139    79 1416899807 
    6 1383220886  2140   228 1416899872 
    6 1383909068  2141     2 1416900158 
    6 1384625188  2142    11 1416900456 
    6 1384804356  2143    46 1416900530 
    6 1384841619  2144    20 1416900546 
    6 1384864376  2145    27 1416900555 
    6 1385522050  2146   431 1416900829 
    7 1385530312  2147    37 1416900832 
    6 1385775985  2148   213 1416900934 
    7 1386114444  2149    11 1416901075 
    7 1387409745  2150     8 1416901613 
    6 1387524713  2151    15 1416901661 
    6 1387745184  2152   103 1416901753 
    7 1387815218  2153   175 1416901782 
    6 1388292826  2154     5 1416901981 
    6 1389541022  2155     5 1416902500 
    7 1390484332  2156    99 1416902892 
    6 1391037204  2157    49 1416903122 
    6 1391152021  2158     3 1416903169 
    7 1391990030  2159   793 1416903518 
    6 1392227382  2160    55 1416903616 
    6 1392309522  2161    43 1416903650 
    6 1392676675  2162    12 1416903803 
    7 1392788341  2163   197 1416903849 
    6 1393551931  2164    31 1416904167 
    6 1394183075  2165    39 1416904429 
    7 1395052304  2166    64 1416904791 
    7 1395135927  2167   562 1416904825 
    6 1395618566  2168   101 1416905026 
    6 1395795068  2169    32 1416905099 
    6 1396119833  2170    39 1416905234 
    6 1396265521  2171   158 1416905295 
    6 1396313500  2172    13 1416905315 
    7 1397571747  2173    12 1416905838 
    6 1399077741  2174   209 1416906464 
    6 1399627218  2175    34 1416906693 
    6 1399856363  2176    32 1416906788 
    6 1400467127  2177    50 1416907043 
    7 1402093921  2178   446 1416907720 
    6 1402816508  2179   169 1416908020 
    6 1402965250  2180   100 1416908082 
    6 1404224981  2181     1 1416908606 
    7 1404761156  2182     6 1416908829 
    6 1404808941  2183    57 1416908849 
    6 1405692413  2184     2 1416909216 
    7 1407335397  2185    71 1416909899 
    6 1408028131  2186   224 1416910187 
    6 1408490212  2187    51 1416910379 
    7 1408577200  2188    94 1416910415 
    7 1409315226  2189   560 1416910722 
    7 1409362272  2190    31 1416910741 
    6 1409645655  2191    30 1416910859 
    6 1409671010  2192   103 1416910870 
    6 1409978808  2193   201 1416910998 
    7 1409985029  2194    85 1416911000 
    6 1410455978  2195    23 1416911196 
    6 1410972606  2196   269 1416911411 
    6 1411082617  2197    68 1416911456 
    6 1411780324  2198     5 1416911747 
    6 1411906582  2199    94 1416911799 
    6 1412065697  2200   164 1416911865 
    6 1412214383  2201     6 1416911927 
    6 1413429505  2202    30 1416912432 
    6 1413669620  2203    13 1416912532 
    6 1414315947  2204   123 1416912801 
    6 1414971650  2205    10 1416913073 
    6 1415447225  2206    14 1416913271 
    6 1415757648  2207    61 1416913400 
    6 1415793096  2208   319 1416913415 
    6 1416915712  2209    93 1416913881 
    7 1417280481  2210    37 1416914033 
    6 1417968529  2211   254 1416914319 
    6 1418595470  2212    26 1416914580 
    6 1418945133  2213     3 1416914725 
    6 1419136403  2214    17 1416914804 
    6 1420446032  2215    34 1416915349 
    7 1421048769  2216    84 1416915599 
    7 1421072535  2217   963 1416915609 
    6 1421157288  2218   417 1416915645 
    6 1424476477  2219   218 1416917025 
    6 1424982740  2220   247 1416917235 
    6 1425167036  2221    31 1416917312 
    7 1425186190  2222    53 1416917320 
    7 1425473992  2223   146 1416917439 
    7 1425976594  2224    17 1416917648 
    6 1426479051  2225   482 1416917857 
    7 1426662764  2226   394 1416917933 
    6 1427326830  2227     3 1416918210 
    6 1427661406  2228    33 1416918349 
    6 1428226359  2229   159 1416918583 
    6 1428717221  2230   198 1416918790 
    7 1428992207  2231   111 1416918904 
    6 1429799890  2232     9 1416919240 
    6 1429824439  2233    28 1416919250 
    6 1430760296  2234     3 1416919639 
    6 1430843787  2235    66 1416919674 
    6 1431474846  2236    49 1416919936 
    7 1431522007  2237    71 1416919956 
    6 1432241944  2238    29 1416920255 
    6 1432546698  2239    12 1416920382 
    6 1432971698  2240    25 1416920558 
    6 1433286135  2241    35 1416920689 
    6 1433564568  2242    82 1416920805 
    7 1433599924  2243     1 1416920820 
    6 1434354175  2244    34 1416921133 
    6 1435459461  2245   114 1416921592 
    6 1436671807  2246   407 1416922097 
    7 1437064815  2247    13 1416922260 
    6 1437494168  2248    34 1416922438 
    7 1437504750  2249   611 1416922443 
    6 1438078494  2250   102 1416922681 
    6 1438612427  2251    35 1416922903 
    7 1439222752  2252    36 1416923157 
    6 1439510531  2253    62 1416923277 
    6 1439845203  2254    46 1416923416 
    6 1440014742  2255   148 1416923486 
    6 1440630331  2256   137 1416923742 
    6 1440753026  2257   141 1416923793 
    6 1442094965  2258    87 1416924351 
    6 1442116093  2259  1167 1416924360 
    6 1442332155  2260   138 1416924450 
    6 1442709895  2261   119 1416924607 
    6 1442750384  2262   102 1416924624 
    6 1442771589  2263    71 1416924633 
    7 1442918126  2264   188 1416924694 
    6 1443648685  2265   248 1416924997 
    7 1444006092  2266    43 1416925146 
    6 1445427340  2267    34 1416925737 
    6 1446348563  2268    36 1416926120 
    7 1446568648  2269    90 1416926211 
    7 1449469384  2270   207 1416927417 
